Number of edges: 5
ID: 0
Sites: 0 1
Bisector: 1.000000x + 0.000000y + -1.500000 = 0

ID: 1
Sites: 1 2
Bisector: 1.000000x + 1.000000y + -4.000000 = 0

ID: 2
Sites: 1 3
Bisector: 2.000000x + 1.000000y + -7.500000 = 0

ID: 3
Sites: 2 3
Bisector: 1.000000x + 0.000000y + -3.500000 = 0

ID: 4
Sites: 0 2
Bisector: 2.000000x + 1.000000y + -5.500000 = 0

Number of vertices: 2
V0 = (3.500000, 0.500000)
Incident edges: 2 1 3
V1 = (1.500000, 2.500000)
Incident edges: 1 0 4
