Number of edges: 5
ID: 0
Sites: 0 1
Bisector: -1.000000x + 1.000000y + -0.000000 = 0

ID: 1
Sites: 0 2
Bisector: 1.000000x + 1.000000y + -0.000000 = 0

ID: 2
Sites: 1 2
Bisector: 1.000000x + 0.000000y + -0.000000 = 0

ID: 3
Sites: 1 3
Bisector: 1.000000x + 1.000000y + -0.000000 = 0

ID: 4
Sites: 2 3
Bisector: -1.000000x + 1.000000y + -0.000000 = 0

Number of vertices: 2
V0 = (-0.000000, 0.000000)
Incident edges: 1 0 2
V1 = (0.000000, -0.000000)
Incident edges: 3 2 4