Number of edges: 7
ID: 0
Sites: 0 1
Bisector: 1.000000x + 0.000000y + -1.500000 = 0

ID: 1
Sites: 1 2
Bisector: 1.000000x + 0.000000y + -2.500000 = 0

ID: 2
Sites: 0 3
Bisector: 0.235849x + 1.000000y + -2.354811 = 0

ID: 3
Sites: 1 3
Bisector: -0.235849x + 1.000000y + -1.647264 = 0

ID: 4
Sites: 1 4
Bisector: 0.235849x + 1.000000y + -2.590660 = 0

ID: 5
Sites: 2 4
Bisector: -0.235849x + 1.000000y + -1.411415 = 0

ID: 6
Sites: 3 4
Bisector: 1.000000x + 0.000000y + -2.000000 = 0

Number of vertices: 3
V0 = (1.500000, 2.001038)
Incident edges: 2 0 3
V1 = (2.500000, 2.001038)
Incident edges: 4 1 5
V2 = (2.000000, 2.118962)
Incident edges: 4 3 6
