ID: 0
Sites: 0 1
Bisector: 1.000000x + 0.000000y + -1.500000 = 0

ID: 1
Sites: 1 2
Bisector: 1.000000x + 0.000000y + -2.500000 = 0

ID: 2
Sites: 1 3
Bisector: 0.235849x + 1.000000y + -2.590660 = 0

ID: 3
Sites: 2 3
Bisector: -0.235849x + 1.000000y + -1.411415 = 0

ID: 4
Sites: 0 4
Bisector: 0.234742x + 1.000000y + -2.358427 = 0

ID: 5
Sites: 1 4
Bisector: -0.234742x + 1.000000y + -1.654202 = 0

ID: 6
Sites: 3 4
Bisector: -100.000000x + 1.000000y + 196.875000 = 0

V0 = (2.500000, 2.001038)
Incident edges: 2 1 3
V1 = (1.500000, 2.006315)
Incident edges: 4 0 5
V2 = (1.989963, 2.121329)
Incident edges: 5 2 6