Number of edges: 5
ID: 0
Sites: 0 1
Bisector: 17.400000x + 1.000000y + -19.156000 = 0

ID: 1
Sites: 1 2
Bisector: -0.235294x + 1.000000y + -0.745588 = 0

ID: 2
Sites: 0 3
Bisector: -0.161290x + 1.000000y + -0.975484 = 0

ID: 3
Sites: 0 2
Bisector: 0.744444x + 1.000000y + -1.768389 = 0

ID: 4
Sites: 2 3
Bisector: -27.333333x + 1.000000y + 22.811667 = 0

Number of vertices: 2
V0 = (1.043953, 0.991224)
Incident edges: 1 0 3
V1 = (0.875427, 1.116682)
Incident edges: 3 2 4