ID: 0
Sites: 0 1
Bisector: 0.000000x + 1.000000y + 1.500000 = 0

ID: 1
Sites: 1 2
Bisector: -1.000000x + 1.000000y + -0.000000 = 0

ID: 2
Sites: 1 3
Bisector: 1.000000x + 1.000000y + -0.000000 = 0

ID: 3
Sites: 0 4
Bisector: 1.000000x + 1.000000y + -0.000000 = 0

ID: 4
Sites: 0 2
Bisector: -0.500000x + 1.000000y + 0.750000 = 0

ID: 5
Sites: 0 3
Bisector: 0.500000x + 1.000000y + 0.750000 = 0

ID: 6
Sites: 3 4
Bisector: 1.000000x + 0.000000y + -1.500000 = 0

ID: 7
Sites: 2 3
Bisector: 1.000000x + 0.000000y + -0.000000 = 0

V0 = (-1.500000, -1.500000)
Incident edges: 1 0 4
V1 = (1.500000, -1.500000)
Incident edges: 2 0 5
V2 = (1.500000, -1.500000)
Incident edges: 5 3 6
V3 = (-0.000000, 0.000000)
Incident edges: 2 1 7
