Number of edges: 5
ID: 0
Sites: 0 1
Bisector: 17.400000x + 1.000000y + -19.156000 = 0

ID: 1
Sites: 0 2
Bisector: -0.300000x + 1.000000y + -0.683500 = 0

ID: 2
Sites: 2 3
Bisector: 0.666667x + 1.000000y + -1.680000 = 0

ID: 3
Sites: 0 3
Bisector: 0.104651x + 1.000000y + -1.100640 = 0

ID: 4
Sites: 1 3
Bisector: -0.962963x + 1.000000y + 0.013889 = 0

Number of vertices: 2
V0 = (1.030862, 0.992759)
Incident edges: 2 1 3
V1 = (1.043943, 0.991390)
Incident edges: 3 0 4