Number of edges: 5
ID: 0
Sites: 0 1
Bisector: 3.952381x + 1.000000y + -9.387143 = 0

ID: 1
Sites: 1 2
Bisector: 0.093168x + 1.000000y + -2.960994 = 0

ID: 2
Sites: 0 3
Bisector: -0.102362x + 1.000000y + -2.638661 = 0

ID: 3
Sites: 0 2
Bisector: 0.891626x + 1.000000y + -4.290542 = 0

ID: 4
Sites: 2 3
Bisector: -4.058824x + 1.000000y + 3.936471 = 0

Number of vertices: 2
V0 = (1.665145, 2.805856)
Incident edges: 1 0 3
V1 = (1.661872, 2.808774)
Incident edges: 3 2 4
