Number of edges: 5
ID: 0
Sites: 0 1
Bisector: 2.727273x + 1.000000y + -6.387273 = 0

ID: 1
Sites: 1 2
Bisector: 2.756098x + 1.000000y + -10.077317 = 0

ID: 2
Sites: 2 3
Bisector: 2.710526x + 1.000000y + -13.260921 = 0

ID: 3
Sites: 0 2
Bisector: 2.741176x + 1.000000y + -8.167176 = 0

ID: 4
Sites: 1 3
Bisector: 2.734177x + 1.000000y + -11.608671 = 0

Number of vertices: 2
V0 = (128.016154, -342.747692)
Incident edges: 1 0 3
V1 = (-69.859930, 202.618099)
Incident edges: 2 1 4
