Number of edges: 5
ID: 0
Sites: 0 1
Bisector: 17.400000x + 1.000000y + -19.156000 = 0

ID: 1
Sites: 1 2
Bisector: 0.160000x + 1.000000y + -1.146400 = 0

ID: 2
Sites: 0 3
Bisector: 0.444444x + 1.000000y + -1.311111 = 0

ID: 3
Sites: 1 3
Bisector: -0.820896x + 1.000000y + 0.020597 = 0

ID: 4
Sites: 2 3
Bisector: -3.705882x + 1.000000y + 3.452941 = 0

Number of vertices: 2
V0 = (1.052451, 0.843355)
Incident edges: 2 0 3
V1 = (1.189726, 0.956044)
Incident edges: 3 1 4