Number of edges: 6
ID: 0
Sites: 1 0
Bisector: -16.000000x^2 + -8.000000xy + -1.000000y^2 + 140.000000x + 35.000000y + -306.250000 = 0

ID: 1
Sites: 2 0
Bisector: -1.000000x^2 + -2.000000xy + -1.000000y^2 + 10.000000x + 10.000000y + -25.000000 = 0

ID: 2
Sites: 2 1
Bisector: -4.000000x^2 + 4.000000xy + -1.000000y^2 + 30.000000x + -15.000000y + -56.250000 = 0

ID: 3
Sites: 3 2
Bisector: -1.000000x^2 + 4.000000xy + -4.000000y^2 + -9.000000x + 18.000000y + -20.250000 = 0

ID: 4
Sites: 3 0
Bisector: -1.000000x^2 + -8.000000xy + -16.000000y^2 + 29.000000x + 116.000000y + -210.250000 = 0

ID: 5
Sites: 3 1
Bisector: -1.000000x^2 + 2.000000xy + -1.000000y^2 + 2.000000x + -2.000000y + -1.000000 = 0

Number of vertices: 3
V0 = (4.166667, 0.833333)
Incident edges: 0 1 2
V1 = (1.833333, 3.166667)
Incident edges: 1 3 4
V2 = (6.500000, 5.500000)
Incident edges: 2 3 5
