Number of edges: 5
ID: 0
Sites: 1 0
Is Vertical: 0
Bisector: -36.000000x^2 + -12.000000xy + -1.000000y^2 + 390.000000x + 65.000000y + -1056.250000 = 0

ID: 1
Sites: 2 0
Is Vertical: 0
Bisector: -1.000000x^2 + -6.000000xy + -9.000000y^2 + 26.000000x + 78.000000y + -169.000000 = 0

ID: 2
Sites: 2 1
Is Vertical: 0
Bisector: -6.250000x^2 + 5.000000xy + -1.000000y^2 + 48.750000x + -19.500000y + -95.062500 = 0

ID: 3
Sites: 3 2
Is Vertical: 0
Bisector: -1.000000x^2 + -2.000000xy + -1.000000y^2 + 20.000000x + 20.000000y + -100.000000 = 0

ID: 4
Sites: 3 1
Is Vertical: 0
Bisector: -36.000000x^2 + 96.000000xy + -64.000000y^2 + -12.000000x + 16.000000y + -1.000000 = 0

Number of vertices: 2
V0 = (4.970588, 2.676471)
Incident edges: 0 1 2
V1 = (5.642857, 4.357143)
Incident edges: 2 3 4
