Number of edges: 5
ID: 0
Sites: 1 0
Bisector: -15.000000x^2 + 0.000000xy + 1.000000y^2 + 180.000000x + -4.000000y + -521.000000 = 0

ID: 1
Sites: 2 0
Bisector: -4.000000x^2 + 4.000000xy + -1.000000y^2 + 52.000000x + -26.000000y + -169.000000 = 0

ID: 2
Sites: 2 1
Bisector: -1.000000x^2 + -1.333333xy + 0.000000y^2 + 12.000000x + 5.333333y + -30.666667 = 0

ID: 3
Sites: 3 1
Bisector: -1.000000x^2 + -6.666667xy + -8.000000y^2 + 36.000000x + 92.000000y + -258.666667 = 0

ID: 4
Sites: 3 2
Bisector: -1.000000x^2 + 4.000000xy + -2.666667y^2 + -12.000000x + 9.333333y + 5.333333 = 0

Number of vertices: 2
V0 = (3.879954, -5.240092)
Incident edges: 0 1 2
V1 = (1.472475, 4.500000)
Incident edges: 2 3 4
