Number of edges: 4
ID: 0
Sites: 2 1
Is Vertical: 0
Bisector: 1.000000x^2 + -3.200000xy + -1.400000y^2 + 6.800000x + 20.800000y + -46.850000 = 0

ID: 1
Sites: 0 1
Is Vertical: 0
Bisector: -1.000000x^2 + -3.500000xy + -3.062500y^2 + 27.250000x + 47.687500y + -185.640625 = 0

ID: 2
Sites: 0 2
Is Vertical: 0
Bisector: 1.000000x^2 + -2.400000xy + 0.000000y^2 + 8.000000x + 12.000000y + -63.200000 = 0

ID: 3
Sites: 0 1
Is Vertical: 0
Bisector: -1.000000x^2 + -3.500000xy + -3.062500y^2 + 27.250000x + 47.687500y + -185.640625 = 0

Number of vertices: 2
V0 = (4.665283, 5.119839)
Incident edges: 0 1 2
V1 = (2.732308, 6.224396)
Incident edges: 0 2 3
