Number of edges: 6
ID: 0
Sites: 1 4
Is Vertical: 0
Bisector: 0.000000x^2 + -1.000000xy + 0.000000y^2 + 5.000000x + 9.000000y + -44.500000 = 0

ID: 1
Sites: 3 4
Is Vertical: 1
Bisector: 10.000000

ID: 2
Sites: 2 4
Is Vertical: 0
Bisector: 1.000000x^2 + 2.000000xy + -1.666667y^2 + -26.000000x + 3.333333y + 90.333333 = 0

ID: 3
Sites: 0 3
Is Vertical: 0
Bisector: 1.000000x^2 + -2.000000xy + -1.666667y^2 + -14.000000x + 43.333333y + -29.666667 = 0

ID: 4
Sites: 0 4
Is Vertical: 0
Bisector: -4.200000x^2 + -6.000000xy + -1.000000y^2 + 121.200000x + 74.000000y + -833.800000 = 0

ID: 5
Sites: 0 2
Is Vertical: 1
Bisector: 10.000000

Number of vertices: 2
V0 = (10.000000, 4.316718)
Incident edges: 1 3 4
V1 = (10.000000, 4.316718)
Incident edges: 2 4 5
