Number of edges: 6
ID: 0
Sites: 1 0
Is Vertical: 0
Bisector: -4.444444x^2 + -1.000000xy + 0.000000y^2 + 59.277778x + 6.500000y + -196.402778 = 0

ID: 1
Sites: 2 1
Is Vertical: 0
Bisector: -2.400000x^2 + -4.800000xy + -1.000000y^2 + 79.200000x + 69.400000y + -632.050000 = 0

ID: 2
Sites: 3 0
Is Vertical: 0
Bisector: 1.000000x^2 + -3.555556xy + 1.000000y^2 + 2.666667x + 8.222222y + -12.805556 = 0

ID: 3
Sites: 3 1
Is Vertical: 0
Bisector: -1.285714x^2 + 4.285714xy + 1.000000y^2 + 6.857143x + -43.428571y + 57.142857 = 0

ID: 4
Sites: 1 0
Is Vertical: 0
Bisector: -4.444444x^2 + -1.000000xy + 0.000000y^2 + 59.277778x + 6.500000y + -196.402778 = 0

ID: 5
Sites: 2 0
Is Vertical: 0
Bisector: -22.857143x^2 + -14.857143xy + -1.000000y^2 + 433.142857x + 132.285714y + -1982.714286 = 0

Number of vertices: 3
V0 = (6.768256, 4.501509)
Incident edges: 0 2 3
V1 = (6.614723, 10.796364)
Incident edges: 2 3 4
V2 = (6.537880, 31.030327)
Incident edges: 1 4 5
