Number of edges: 8
ID: 0
Sites: 1 0
Is Vertical: 0
Bisector: -60.714286x^2 + -18.000000xy + 1.000000y^2 + 1580.857143x + 218.000000y + -10013.857143 = 0

ID: 1
Sites: 2 0
Is Vertical: 0
Bisector: 1.000000x^2 + -7.333333xy + -39.000000y^2 + 30.000000x + 991.333333y + -5517.666667 = 0

ID: 2
Sites: 3 0
Is Vertical: 0
Bisector: -1.275000x^2 + 1.500000xy + 1.000000y^2 + 36.150000x + -40.000000y + -176.975000 = 0

ID: 3
Sites: 3 1
Is Vertical: 0
Bisector: -4.148148x^2 + -4.888889xy + -1.000000y^2 + 86.666667x + 46.666667y + -429.333333 = 0

ID: 4
Sites: 3 2
Is Vertical: 0
Bisector: -2.352941x^2 + -10.352941xy + 1.000000y^2 + 211.294118x + 167.529412y + -2835.764706 = 0

ID: 5
Sites: 4 1
Is Vertical: 0
Bisector: 1.000000x^2 + -0.000000xy + -48.000000y^2 + -4.000000x + 864.000000y + -3836.000000 = 0

ID: 6
Sites: 4 3
Is Vertical: 0
Bisector: -1.904762x^2 + 2.793651xy + -1.000000y^2 + -4.952381x + 3.047619y + 1.015873 = 0

ID: 7
Sites: 4 2
Is Vertical: 0
Bisector: -6.562500x^2 + 0.000000xy + 1.000000y^2 + 170.625000x + -32.000000y + -748.062500 = 0

Number of vertices: 4
V0 = (10.557680, 2.949342)
Incident edges: 0 2 3
V1 = (14.813908, 9.416636)
Incident edges: 1 2 4
V2 = (6.845917, 10.220339)
Incident edges: 3 5 6
V3 = (8.826833, 12.952369)
Incident edges: 4 6 7
