Number of edges: 3
ID: 0
Sites: 0 1
Bisector: -15.000000x^2 + 0.000000xy + 1.000000y^2 + 180.000000x + -4.000000y + -521.000000 = 0

ID: 1
Sites: 2 0
Bisector: -1.000000x^2 + -6.666667xy + -8.000000y^2 + 36.000000x + 92.000000y + -258.666667 = 0

ID: 2
Sites: 2 1
Bisector: -1.458333x^2 + 2.500000xy + -1.000000y^2 + 9.166667x + -8.500000y + -12.333333 = 0

Number of vertices: 1
V0 = (4.968025, 2.987210)
Incident edges: 0 1 2
