Number of edges: 4
ID: 0
Sites: 1 0
Is Vertical: 0
Bisector: -4.444444x^2 + -1.000000xy + 0.000000y^2 + 59.277778x + 6.500000y + -196.402778 = 0

ID: 1
Sites: 2 0
Is Vertical: 0
Bisector: 1.000000x^2 + -3.555556xy + 1.000000y^2 + 2.666667x + 8.222222y + -12.805556 = 0

ID: 2
Sites: 2 1
Is Vertical: 0
Bisector: -1.285714x^2 + 4.285714xy + 1.000000y^2 + 6.857143x + -43.428571y + 57.142857 = 0

ID: 3
Sites: 1 0
Is Vertical: 0
Bisector: -4.444444x^2 + -1.000000xy + 0.000000y^2 + 59.277778x + 6.500000y + -196.402778 = 0

Number of vertices: 2
V0 = (6.768256, 4.501509)
Incident edges: 0 1 2
V1 = (6.614723, 10.796364)
Incident edges: 1 2 3
