Number of edges: 6
ID: 0
Sites: 1 0
Is Vertical: 0
Bisector: -4.444444x^2 + -1.000000xy + 0.000000y^2 + 59.277778x + 6.500000y + -196.402778 = 0

ID: 1
Sites: 2 0
Is Vertical: 0
Bisector: 1.000000x^2 + 2.333333xy + -2.750000y^2 + -12.500000x + 22.416667y + -31.854167 = 0

ID: 2
Sites: 3 0
Is Vertical: 0
Bisector: 1.000000x^2 + -6.666667xy + -32.000000y^2 + 35.000000x + 400.666667y + -1213.416667 = 0

ID: 3
Sites: 3 2
Is Vertical: 0
Bisector: -1.000000x^2 + -3.600000xy + -1.000000y^2 + 37.200000x + 24.400000y + -141.000000 = 0

ID: 4
Sites: 3 1
Is Vertical: 0
Bisector: -1.968750x^2 + 4.500000xy + -2.500000y^2 + -1.687500x + 1.000000y + 3.781250 = 0

ID: 5
Sites: 3 0
Is Vertical: 0
Bisector: 1.000000x^2 + -6.666667xy + -32.000000y^2 + 35.000000x + 400.666667y + -1213.416667 = 0

Number of vertices: 3
V0 = (1.866413, 7.079565)
Incident edges: 1 2 3
V1 = (6.681647, 6.886000)
Incident edges: 0 2 4
V2 = (-527.957322, 170.102253)
Incident edges: 1 3 5
