Number of edges: 6
ID: 0
Sites: 2 3
Is Vertical: 1
Bisector: 5.000000

ID: 1
Sites: 0 3
Is Vertical: 0
Bisector: -1.250000x^2 + -0.000000xy + 1.000000y^2 + 8.750000x + -10.000000y + 10.937500 = 0

ID: 2
Sites: 0 2
Is Vertical: 0
Bisector: -1.250000x^2 + 0.000000xy + 1.000000y^2 + 16.250000x + -10.000000y + -26.562500 = 0

ID: 3
Sites: 2 3
Is Vertical: 1
Bisector: 5.000000

ID: 4
Sites: 1 3
Is Vertical: 0
Bisector: -1.000000x^2 + -3.600000xy + -1.000000y^2 + 30.400000x + 25.600000y + -133.600000 = 0

ID: 5
Sites: 1 2
Is Vertical: 0
Bisector: -1.000000x^2 + 3.600000xy + -1.000000y^2 + -10.400000x + -10.400000y + 70.400000 = 0

Number of vertices: 3
V0 = (5.000000, 3.750000)
Incident edges: 0 1 2
V1 = (5.000000, 6.250000)
Incident edges: 1 2 3
V2 = (5.000000, 6.600000)
Incident edges: 3 4 5
