Number of edges: 8
ID: 0
Sites: 2 0
Bisector: -12.375000x^2 + -7.500000xy + -1.000000y^2 + 231.750000x + 69.000000y + -1078.875000 = 0

ID: 1
Sites: 1 0
Bisector: 0.000000x^2 + 1.000000xy + -1.875000y^2 + -5.000000x + 16.250000y + -33.875000 = 0

ID: 2
Sites: 4 0
Bisector: -1.000000x^2 + -2.133333xy + -1.000000y^2 + 20.666667x + 20.666667y + -102.816667 = 0

ID: 3
Sites: 4 2
Bisector: -10.666667x^2 + 4.000000xy + 1.000000y^2 + 187.333333x + -53.000000y + -753.416667 = 0

ID: 4
Sites: 4 1
Bisector: 0.000000x^2 + 0.000000xy + 0.000000y^2 + 0.000000x + 0.000000y + 0.000000 = 0

ID: 5
Sites: 3 4
Bisector: 0.000000x^2 + 2.400000xy + -1.000000y^2 + -20.400000x + 2.600000y + 51.950000 = 0

ID: 6
Sites: 3 1
Bisector: -1.000000x^2 + -3.600000xy + -1.000000y^2 + 37.600000x + 29.600000y + -188.800000 = 0

ID: 7
Sites: 3 2
Bisector: -1.000000x^2 + 1.333333xy + 0.000000y^2 + 7.333333x + -12.000000y + 20.333333 = 0

Number of vertices: 4
V0 = (7.841615, 3.245342)
Incident edges: 0 2 3
V1 = (4.500000, 6.275702)
Incident edges: 1 2 4
V2 = (4.500000, 8.944994)
Incident edges: 4 5 6
V3 = (8.433301, 14.633398)
Incident edges: 3 5 7
