Number of edges: 3
ID: 0
Sites: 1 0
Bisector: -1.000000x^2 + -1.333333xy + 0.000000y^2 + 12.000000x + 5.333333y + -30.666667 = 0

ID: 1
Sites: 2 0
Bisector: -1.000000x^2 + -6.666667xy + -8.000000y^2 + 36.000000x + 92.000000y + -258.666667 = 0

ID: 2
Sites: 2 1
Bisector: -1.000000x^2 + 4.000000xy + -2.666667y^2 + -12.000000x + 9.333333y + 5.333333 = 0

Number of vertices: 1
V0 = (1.472475, 4.500000)
Incident edges: 0 1 2
