Number of edges: 6
ID: 0
Sites: 3 2
Is Vertical: 0
Bisector: -1.222222x^2 + -5.333333xy + 1.000000y^2 + 33.111111x + 31.333333y + -144.138889 = 0

ID: 1
Sites: 0 3
Is Vertical: 0
Bisector: 1.000000x^2 + 1.250000xy + -2.000000y^2 + -11.375000x + 9.625000y + 7.843750 = 0

ID: 2
Sites: 0 2
Is Vertical: 0
Bisector: -15.000000x^2 + 4.666667xy + 1.000000y^2 + 169.333333x + -41.333333y + -421.333333 = 0

ID: 3
Sites: 1 2
Is Vertical: 0
Bisector: 1.000000x^2 + 3.428571xy + 0.000000y^2 + -41.000000x + -29.142857y + 281.392857 = 0

ID: 4
Sites: 1 0
Is Vertical: 0
Bisector: -2.400000x^2 + -4.800000xy + -1.000000y^2 + 60.000000x + 39.000000y + -292.050000 = 0

ID: 5
Sites: 4 2
Is Vertical: 0
Bisector: 1.000000x^2 + -4.545455xy + 1.000000y^2 + 9.090909x + 41.818182y + -202.181818 = 0

Number of vertices: 2
V0 = (4.525125, 2.082914)
Incident edges: 0 1 2
V1 = (5.616134, 8.361263)
Incident edges: 2 3 4
