Number of edges: 6
ID: 0
Sites: 1 0
Is Vertical: 0
Bisector: -11.000000x^2 + -6.400000xy + 1.000000y^2 + 151.200000x + 32.400000y + -475.650000 = 0

ID: 1
Sites: 2 0
Is Vertical: 0
Bisector: 3.500000x^2 + -4.000000xy + -1.833333y^2 + -1.000000x + 30.333333y + -58.708333 = 0

ID: 2
Sites: 3 1
Is Vertical: 0
Bisector: 1.000000x^2 + -0.000000xy + -63.000000y^2 + -20.000000x + 1008.000000y + -3916.250000 = 0

ID: 3
Sites: 3 0
Is Vertical: 0
Bisector: -1.000000x^2 + -2.666667xy + -1.600000y^2 + 30.666667x + 38.400000y + -223.733333 = 0

ID: 4
Sites: 3 2
Is Vertical: 0
Bisector: -3.857143x^2 + -6.857143xy + -1.000000y^2 + 122.571429x + 68.000000y + -755.178571 = 0

ID: 5
Sites: 3 0
Is Vertical: 0
Bisector: -1.000000x^2 + -2.666667xy + -1.600000y^2 + 30.666667x + 38.400000y + -223.733333 = 0

Number of vertices: 3
V0 = (7.130319, 7.382979)
Incident edges: 0 2 3
V1 = (6.408847, 7.954777)
Incident edges: 1 3 4
V2 = (0.167841, 13.867309)
Incident edges: 1 4 5
