Number of edges: 5
ID: 0
Sites: 1 0
Bisector: 1.000000x^2 + -7.333333xy + -39.000000y^2 + 30.000000x + 991.333333y + -5517.666667 = 0

ID: 1
Sites: 2 0
Bisector: -4.764706x^2 + 5.435294xy + -1.000000y^2 + 62.047059x + -46.941176y + -85.658824 = 0

ID: 2
Sites: 2 1
Bisector: -6.562500x^2 + 0.000000xy + 1.000000y^2 + 170.625000x + -32.000000y + -748.062500 = 0

ID: 3
Sites: 3 1
Bisector: -1.000000x^2 + 9.333333xy + 3.259259y^2 + -157.333333x + -292.296296y + 4502.370370 = 0

ID: 4
Sites: 3 2
Bisector: -1.000000x^2 + -3.692308xy + -1.435897y^2 + 87.692308x + 81.025641y + -1074.358974 = 0

Number of vertices: 2
V0 = (8.138105, 8.920134)
Incident edges: 0 1 2
V1 = (8.412821, 21.752350)
Incident edges: 2 3 4
